
Descriptive statistics
========================================
Statistic   N   Mean St. Dev. Min   Max 
----------------------------------------
Age       2,111 24.3   6.3    14.0 61.0 
Height    2,111 1.7    0.1    1.4   2.0 
Weight    2,111 86.6   26.2   39.0 173.0
FCVC      2,111 2.4    0.5    1.0   3.0 
NCP       2,111 2.7    0.8    1.0   4.0 
CH2O      2,111 2.0    0.6    1.0   3.0 
FAF       2,111 1.0    0.9    0.0   3.0 
TUE       2,111 0.7    0.6    0.0   2.0 
----------------------------------------
